Преподаватели:504222375.442030669
RT-1:442030669.309783295
RT-2:442030669.504222375
